(venv) (base) anooprehman@anoop-air-2 324-project % python hear_outputs.py
/Users/anooprehman/Documents/uoft/sem6/ece324/group_project/324-project/venv/lib/python3.9/site-packages/torch/nn/modules/transformer.py:286: UserWarning: enable_nested_tensor is True, but self.use_nested_tensor is False because encoder_layer.self_attn.num_heads is odd
  warnings.warn(f"enable_nested_tensor is True, but self.use_nested_tensor is False because {why_not_sparsity_fast_path}")
Input src shape: torch.Size([1, 10, 5])
tensor([[[ 0.0000,  0.0000,  0.0000,  0.0000,  0.0000],
         [ 0.0000,  0.0000,  0.0000,  0.0000,  0.0000],
         [ 0.0000,  0.0000,  0.0000,  0.0000,  0.0000],
         [ 0.0000,  0.0000,  0.0000,  0.0000,  0.0000],
         [ 0.0000,  0.0000,  0.0000,  0.0000,  0.0000],
         [ 0.0000,  0.0000,  0.0000,  0.0000,  0.0000],
         [ 0.0000,  0.0000,  0.0000,  0.0000,  0.0000],
         [ 0.0000,  0.0000,  0.0000,  0.0000,  0.0000],
         [ 0.0000,  0.0000,  0.0000,  0.0000,  0.0000],
         [ 0.0000,  0.0000,  0.0000,  0.0000,  0.0000],
         [ 0.0328, -0.0005,  0.0167,  0.3881,  0.4609],
         [ 0.0328, -0.0005,  0.0167,  0.3881,  0.4608],
         [ 0.0328, -0.0005,  0.0167,  0.3881,  0.4608],
         [ 0.0328, -0.0005,  0.0167,  0.3881,  0.4608],
         [ 0.0328, -0.0005,  0.0167,  0.3881,  0.4608],
         [ 0.0328, -0.0005,  0.0167,  0.3881,  0.4608],
         [ 0.0328, -0.0005,  0.0167,  0.3881,  0.4608],
         [ 0.0328, -0.0005,  0.0167,  0.3881,  0.4608],
         [ 0.0328, -0.0005,  0.0167,  0.3881,  0.4608],
         [ 0.0328, -0.0005,  0.0167,  0.3881,  0.4608],
         [ 0.0328, -0.0005,  0.0167,  0.3881,  0.4608],
         [ 0.0328, -0.0005,  0.0167,  0.3881,  0.4608],
         [ 0.0328, -0.0005,  0.0167,  0.3881,  0.4608],
         [ 0.0328, -0.0005,  0.0167,  0.3881,  0.4608],
         [ 0.0328, -0.0005,  0.0167,  0.3881,  0.4608],
         [ 0.0328, -0.0005,  0.0167,  0.3881,  0.4608],
         [ 0.0328, -0.0005,  0.0167,  0.3881,  0.4608],
         [ 0.0328, -0.0005,  0.0167,  0.3881,  0.4608],
         [ 0.0328, -0.0005,  0.0167,  0.3881,  0.4608],
         [ 0.0328, -0.0005,  0.0167,  0.3881,  0.4608],
         [ 0.0328, -0.0005,  0.0167,  0.3881,  0.4608],
         [ 0.0328, -0.0005,  0.0167,  0.3881,  0.4608],
         [ 0.0328, -0.0005,  0.0167,  0.3881,  0.4608],
         [ 0.0328, -0.0005,  0.0167,  0.3881,  0.4608],
         [ 0.0328, -0.0005,  0.0167,  0.3881,  0.4608],
         [ 0.0328, -0.0005,  0.0167,  0.3881,  0.4608],
         [ 0.0328, -0.0005,  0.0167,  0.3881,  0.4608],
         [ 0.0328, -0.0005,  0.0167,  0.3881,  0.4608],
         [ 0.0328, -0.0005,  0.0167,  0.3881,  0.4608],
         [ 0.0328, -0.0005,  0.0167,  0.3881,  0.4608],
         [ 0.0328, -0.0005,  0.0167,  0.3881,  0.4608],
         [ 0.0328, -0.0005,  0.0167,  0.3881,  0.4608],
         [ 0.0328, -0.0005,  0.0167,  0.3881,  0.4608],
         [ 0.0328, -0.0005,  0.0167,  0.3881,  0.4608],
         [ 0.0328, -0.0005,  0.0167,  0.3881,  0.4608],
         [ 0.0328, -0.0005,  0.0167,  0.3881,  0.4608],
         [ 0.0328, -0.0005,  0.0167,  0.3881,  0.4608],
         [ 0.0328, -0.0005,  0.0167,  0.3881,  0.4608],
         [ 0.0328, -0.0005,  0.0167,  0.3881,  0.4608],
         [ 0.0328, -0.0005,  0.0167,  0.3881,  0.4608],
         [ 0.0328, -0.0005,  0.0167,  0.3881,  0.4608],
         [ 0.0328, -0.0005,  0.0167,  0.3881,  0.4608],
         [ 0.0328, -0.0005,  0.0167,  0.3881,  0.4608],
         [ 0.0328, -0.0005,  0.0167,  0.3881,  0.4608],
         [ 0.0328, -0.0005,  0.0167,  0.3881,  0.4608],
         [ 0.0328, -0.0005,  0.0167,  0.3881,  0.4608],
         [ 0.0328, -0.0005,  0.0167,  0.3881,  0.4608],
         [ 0.0328, -0.0005,  0.0167,  0.3881,  0.4608],
         [ 0.0328, -0.0005,  0.0167,  0.3881,  0.4608],
         [ 0.0328, -0.0005,  0.0167,  0.3881,  0.4608]]])
Embedding shape: torch.Size([1, 60, 5])